5.2
5.21001727116
5.22003454231
5.23005181347
5.24006908463
5.25008635579
5.26010362694
5.2701208981
5.28013816926
5.29015544041
5.30017271157
5.31018998273
5.32020725389
5.33022452504
5.3402417962
5.35025906736
5.36027633851
5.37029360967
5.38031088083
5.39032815199
5.40034542314
5.4103626943
5.42037996546
5.43039723661
5.44041450777
5.45043177893
5.46044905009
5.47046632124
5.4804835924
5.49050086356
5.50051813472
5.51053540587
5.52055267703
5.53056994819
5.54058721934
5.5506044905
5.56062176166
5.57063903282
5.58065630397
5.59067357513
5.60069084629
5.61070811744
5.6207253886
5.63074265976
5.64075993092
5.65077720207
5.66079447323
5.67081174439
5.68082901554
5.6908462867
5.70086355786
5.71088082902
5.72089810017
5.73091537133
5.74093264249
5.75094991364
5.7609671848
5.77098445596
5.78100172712
5.79101899827
5.80103626943
5.81105354059
5.82107081174
5.8310880829
5.84110535406
5.85112262522
5.86113989637
5.87115716753
5.88117443869
5.89119170984
5.901208981
5.91122625216
5.92124352332
5.93126079447
5.94127806563
5.95129533679
5.96131260794
5.9713298791
5.98134715026
5.99136442142
6.00138169257
6.01139896373
6.02141623489
6.03143350604
6.0414507772
6.05146804836
6.06148531952
6.07150259067
6.08151986183
6.09153713299
6.10155440415
6.1115716753
6.12158894646
6.13160621762
6.14162348877
6.15164075993
6.16165803109
6.17167530225
6.1816925734
6.19170984456
6.20172711572
6.21174438687
6.22176165803
6.23177892919
6.24179620035
6.2518134715
6.26183074266
6.27184801382
6.28186528497
6.29188255613
6.30189982729
6.31191709845
6.3219343696
6.33195164076
6.34196891192
6.35198618307
6.36200345423
6.37202072539
6.38203799655
6.3920552677
6.40207253886
6.41208981002
6.42210708117
6.43212435233
6.44214162349
6.45215889465
6.4621761658
6.47219343696
6.48221070812
6.49222797927
6.50224525043
6.51226252159
6.52227979275
6.5322970639
6.54231433506
6.55233160622
6.56234887737
6.57236614853
6.58238341969
6.59240069085
6.602417962
6.61243523316
6.62245250432
6.63246977547
6.64248704663
6.65250431779
6.66252158895
6.6725388601
6.68255613126
6.69257340242
6.70259067358
6.71260794473
6.72262521589
6.73264248705
6.7426597582
6.75267702936
6.76269430052
6.77271157168
6.78272884283
6.79274611399
6.80276338515
6.8127806563
6.82279792746
6.83281519862
6.84283246978
6.85284974093
6.86286701209
6.87288428325
6.8829015544
6.89291882556
6.90293609672
6.91295336788
6.92297063903
6.93298791019
6.94300518135
6.9530224525
6.96303972366
6.97305699482
6.98307426598
6.99309153713
7.00310880829
7.01312607945
7.0231433506
7.03316062176
7.04317789292
7.05319516408
7.06321243523
7.07322970639
7.08324697755
7.0932642487
7.10328151986
7.11329879102
7.12331606218
7.13333333333
7.14335060449
7.15336787565
7.1633851468
7.17340241796
7.18341968912
7.19343696028
7.20345423143
7.21347150259
7.22348877375
7.23350604491
7.24352331606
7.25354058722
7.26355785838
7.27357512953
7.28359240069
7.29360967185
7.30362694301
7.31364421416
7.32366148532
7.33367875648
7.34369602763
7.35371329879
7.36373056995
7.37374784111
7.38376511226
7.39378238342
7.40379965458
7.41381692573
7.42383419689
7.43385146805
7.44386873921
7.45388601036
7.46390328152
7.47392055268
7.48393782383
7.49395509499
7.50397236615
7.51398963731
7.52400690846
7.53402417962
7.54404145078
7.55405872193
7.56407599309
7.57409326425
7.58411053541
7.59412780656
7.60414507772
7.61416234888
7.62417962003
7.63419689119
7.64421416235
7.65423143351
7.66424870466
7.67426597582
7.68428324698
7.69430051813
7.70431778929
7.71433506045
7.72435233161
7.73436960276
7.74438687392
7.75440414508
7.76442141623
7.77443868739
7.78445595855
7.79447322971
7.80449050086
7.81450777202
7.82452504318
7.83454231434
7.84455958549
7.85457685665
7.86459412781
7.87461139896
7.88462867012
7.89464594128
7.90466321244
7.91468048359
7.92469775475
7.93471502591
7.94473229706
7.95474956822
7.96476683938
7.97478411054
7.98480138169
7.99481865285
8.00483592401
8.01485319516
8.02487046632
8.03488773748
8.04490500864
8.05492227979
8.06493955095
8.07495682211
8.08497409326
8.09499136442
8.10500863558
8.11502590674
8.12504317789
8.13506044905
8.14507772021
8.15509499136
8.16511226252
8.17512953368
8.18514680484
8.19516407599
8.20518134715
8.21519861831
8.22521588946
8.23523316062
8.24525043178
8.25526770294
8.26528497409
8.27530224525
8.28531951641
8.29533678756
8.30535405872
8.31537132988
8.32538860104
8.33540587219
8.34542314335
8.35544041451
8.36545768566
8.37547495682
8.38549222798
8.39550949914
8.40552677029
8.41554404145
8.42556131261
8.43557858377
8.44559585492
8.45561312608
8.46563039724
8.47564766839
8.48566493955
8.49568221071
8.50569948187
8.51571675302
8.52573402418
8.53575129534
8.54576856649
8.55578583765
8.56580310881
8.57582037997
8.58583765112
8.59585492228
8.60587219344
8.61588946459
8.62590673575
8.63592400691
8.64594127807
8.65595854922
8.66597582038
8.67599309154
8.68601036269
8.69602763385
8.70604490501
8.71606217617
8.72607944732
8.73609671848
8.74611398964
8.75613126079
8.76614853195
8.77616580311
8.78618307427
8.79620034542
8.80621761658
8.81623488774
8.82625215889
8.83626943005
8.84628670121
8.85630397237
8.86632124352
8.87633851468
8.88635578584
8.89637305699
8.90639032815
8.91640759931
8.92642487047
8.93644214162
8.94645941278
8.95647668394
8.96649395509
8.97651122625
8.98652849741
8.99654576857
9.00656303972
9.01658031088
9.02659758204
9.0366148532
9.04663212435
9.05664939551
9.06666666667
9.07668393782
9.08670120898
9.09671848014
9.1067357513
9.11675302245
9.12677029361
9.13678756477
9.14680483592
9.15682210708
9.16683937824
9.1768566494
9.18687392055
9.19689119171
9.20690846287
9.21692573402
9.22694300518
9.23696027634
9.2469775475
9.25699481865
9.26701208981
9.27702936097
9.28704663212
9.29706390328
9.30708117444
9.3170984456
9.32711571675
9.33713298791
9.34715025907
9.35716753022
9.36718480138
9.37720207254
9.3872193437
9.39723661485
9.40725388601
9.41727115717
9.42728842832
9.43730569948
9.44732297064
9.4573402418
9.46735751295
9.47737478411
9.48739205527
9.49740932642
9.50742659758
9.51744386874
9.5274611399
9.53747841105
9.54749568221
9.55751295337
9.56753022453
9.57754749568
9.58756476684
9.597582038
9.60759930915
9.61761658031
9.62763385147
9.63765112263
9.64766839378
9.65768566494
9.6677029361
9.67772020725
9.68773747841
9.69775474957
9.70777202073
9.71778929188
9.72780656304
9.7378238342
9.74784110535
9.75785837651
9.76787564767
9.77789291883
9.78791018998
9.79792746114
9.8079447323
9.81796200345
9.82797927461
9.83799654577
9.84801381693
9.85803108808
9.86804835924
9.8780656304
9.88808290155
9.89810017271
9.90811744387
9.91813471503
9.92815198618
9.93816925734
9.9481865285
9.95820379965
9.96822107081
9.97823834197
9.98825561313
9.99827288428
10.0082901554
10.0183074266
10.0283246978
10.0383419689
10.0483592401
10.0583765112
10.0683937824
10.0784110535
10.0884283247
10.0984455959
10.108462867
10.1184801382
10.1284974093
10.1385146805
10.1485319516
10.1585492228
10.168566494
10.1785837651
10.1886010363
10.1986183074
10.2086355786
10.2186528497
10.2286701209
10.2386873921
10.2487046632
10.2587219344
10.2687392055
10.2787564767
10.2887737478
10.298791019
10.3088082902
10.3188255613
10.3288428325
10.3388601036
10.3488773748
10.3588946459
10.3689119171
10.3789291883
10.3889464594
10.3989637306
10.4089810017
10.4189982729
10.429015544
10.4390328152
10.4490500864
10.4590673575
10.4690846287
10.4791018998
10.489119171
10.4991364421
10.5091537133
10.5191709845
10.5291882556
10.5392055268
10.5492227979
10.5592400691
10.5692573402
10.5792746114
10.5892918826
10.5993091537
10.6093264249
10.619343696
10.6293609672
10.6393782383
10.6493955095
10.6594127807
10.6694300518
10.679447323
10.6894645941
10.6994818653
10.7094991364
10.7195164076
10.7295336788
10.7395509499
10.7495682211
10.7595854922
10.7696027634
10.7796200345
10.7896373057
10.7996545769
10.809671848
10.8196891192
10.8297063903
10.8397236615
10.8497409326
10.8597582038
10.869775475
10.8797927461
10.8898100173
10.8998272884
10.9098445596
10.9198618307
10.9298791019
10.9398963731
10.9499136442
10.9599309154
10.9699481865
10.9799654577
10.9899827288
11.0
