0.0
1.03786113949e-06
1.88030232756e-06
2.9888075952e-06
4.40456008849e-06
6.17234954174e-06
8.34057227754e-06
1.09612311958e-05
1.40859631663e-05
1.77508124211e-05
2.19725829814e-05
2.67488386571e-05
3.20579033251e-05
3.78794290353e-05
4.42708673103e-05
5.13852376093e-05
5.9471127327e-05
6.8872692537e-05
8.00495838395e-05
9.36488115405e-05
0.000110520941699
0.000131720096125
0.000158503965591
0.000192502190582
0.000236305502428
0.000293594498707
0.000369139643239
0.000468801194738
0.000599022737613
0.000765111933389
0.000970876056835
0.00121862199597
0.00150915628161
0.00184191475884
0.00221538968467
0.00262721753321
0.0030741789956
0.00355219910426
0.00405670966646
0.00458380764502
0.00513048609367
0.00569463415707
0.00627503696767
0.00687116415787
0.00748251387413
0.00810848596933
0.00874838200282
0.00940140528683
0.0100667307166
0.0107437149972
0.0114319360444
0.0121311929851
0.0128415061557
0.0135631155843
0.0142964765547
0.0150422588008
0.0158013465058
0.0165748381942
0.0173639498527
0.01816974008
0.0189930616772
0.0198345616482
0.0206946811943
0.0215736519093
0.0224714852984
0.0233879709895
0.024322676733
0.025274948498
0.0262439660644
0.0272288917274
0.0282288948984
0.0292431521044
0.0302708470416
0.0313111957479
0.0323635120007
0.0334272177997
0.0345018433665
0.0355870271214
0.0366825062191
0.037788092667
0.0389036696169
0.0400291913646
0.0411646832879
0.0423102207687
0.0434658775238
0.0446317178326
0.0458077965374
0.0469941590603
0.0481908463974
0.0493979070127
0.0506153985707
0.0518433879368
0.0530819511831
0.0543311752439
0.0555911617436
0.0568620275375
0.0581439047114
0.0594369406359
0.060741309884
0.0620572410328
0.0633850203235
0.0647249916615
0.0660775562922
0.0674431100527
0.0688219062112
0.0702140373407
0.0716194353181
0.0730378723114
0.0744691299057
0.0759133584668
0.0773711230956
0.0788434036289
0.0803315954833
0.0818376388064
0.0833642852627
0.0849151310368
0.0864946168332
0.0881080214451
0.0897605804363
0.0914557160516
0.0931948254433
0.0949772806711
0.0968004367
0.0986606188854
0.100555051557
0.102482081106
0.104441175987
0.10643292291
0.108458601403
0.110519375756
0.112616204679
0.114749841296
0.116920833603
0.119129570305
0.121376365502
0.12366146784
0.125985060507
0.12834726078
0.130748077494
0.133187334629
0.135664663339
0.138179501945
0.140731096737
0.143318569749
0.145941037232
0.148597621592
0.151287451391
0.154009662163
0.156763460098
0.159548230355
0.162363547595
0.165209175984
0.168085068479
0.170991315716
0.173928061419
0.176895494461
0.179893848868
0.182923402602
0.185984396881
0.189076906264
0.192200826888
0.195355876468
0.198541596549
0.20175749163
0.205003247163
0.208278748587
0.211584081324
0.214919532228
0.218285672746
0.221683485733
0.225114376128
0.228580170943
0.232083100698
0.235624805014
0.23920485666
0.242820641935
0.246467360663
0.250138052392
0.253824906005
0.257521151759
0.261221208931
0.264920685821
0.26861637535
0.272306049264
0.275988168709
0.279661862494
0.283326927094
0.286983818742
0.290633306498
0.29427599729
0.2979123016
0.301542433465
0.305166413172
0.308784178277
0.312395731579
0.316001151396
0.319600591565
0.323194280188
0.326782470976
0.330365380117
0.33394318206
0.337516009517
0.341083953526
0.344647065717
0.34820536118
0.351758818649
0.355307380501
0.358850953684
0.362389441589
0.365922783276
0.369450955881
0.37297397462
0.376491891298
0.380004745843
0.383512508251
0.387015075158
0.390512269843
0.394003843274
0.3974895064
0.400968967822
0.404441935918
0.407908118848
0.411367225034
0.414818977452
0.418263129841
0.421699467589
0.42512780773
0.428547998795
0.431959916762
0.43536346056
0.43875855184
0.442145134977
0.445523177132
0.448892670023
0.452253631825
0.455606107265
0.458950167618
0.462285910199
0.465613445406
0.46893288314
0.47224433216
0.475547900088
0.478843693833
0.482131829907
0.485412444951
0.488685696212
0.491951761543
0.495210838601
0.498463126593
0.50170880812
0.504948048394
0.508180995238
0.511407779617
0.514628527198
0.517843369539
0.521052444556
0.524255896517
0.527453875703
0.530646531317
0.533834004797
0.537016429551
0.54019393096
0.543366626157
0.546534619625
0.549697999158
0.552856835712
0.556011183403
0.559161079697
0.562306548958
0.565447605635
0.568584254365
0.571716489982
0.574844297566
0.577967653459
0.581086526151
0.584200876303
0.587310656754
0.590415813339
0.593516299189
0.596612086861
0.599703168719
0.602789556941
0.605871282652
0.60894838163
0.612020882484
0.615088806305
0.618152166664
0.621210969495
0.62426521124
0.627314877357
0.630359942273
0.633400369389
0.636436111778
0.639467122917
0.642493365094
0.645514809633
0.648531436894
0.6515432358
0.654550196891
0.657552307022
0.660549549232
0.663541902744
0.666529343351
0.669511848904
0.672489403393
0.675461997035
0.678429626281
0.681392292704
0.684349987915
0.68730268266
0.690250326577
0.693192848193
0.696130156438
0.699062160372
0.701988783072
0.704909961925
0.70782564862
0.710735807857
0.713640400955
0.716539374631
0.719432660783
0.72232017649
0.725201825808
0.728077521635
0.730947200277
0.733810821716
0.73666836961
0.739519849349
0.742365265329
0.745204606213
0.748037844674
0.750864937401
0.753685826887
0.756500461639
0.759308808933
0.762110855017
0.764906605108
0.767696081455
0.770479302181
0.773256268302
0.776026963526
0.778791354263
0.78154938744
0.784300967601
0.787045943224
0.789784106535
0.792515193506
0.79523885524
0.797954367909
0.800660464065
0.803355330547
0.806036608484
0.808701472274
0.811347402347
0.813972622413
0.816576104422
0.81915756857
0.821717435779
0.824256378674
0.82677507444
0.829274202255
0.831754443286
0.834216475602
0.83666092771
0.839088353672
0.841499232875
0.84389397003
0.846272897288
0.848636292937
0.850984391127
0.85331738196
0.855635411486
0.857938579938
0.860226926652
0.862500422435
0.864758969504
0.867002401486
0.869230488482
0.871442978831
0.873639619667
0.875820157064
0.877984336036
0.880131902981
0.882262625149
0.884376299961
0.886472755076
0.888551848382
0.890613466189
0.892657509261
0.894683886318
0.896692513994
0.898683316842
0.900656226834
0.902611179627
0.90454811288
0.906466966241
0.908367681351
0.910250202143
0.912114477006
0.91396045974
0.915788109562
0.917597391099
0.919388275625
0.921160749671
0.922914818695
0.924650507107
0.926367858259
0.928066933041
0.929747800315
0.931410532949
0.933055207802
0.934681905722
0.936290711914
0.937881718305
0.939455024502
0.941010737796
0.942548973161
0.944069848948
0.94557345953
0.947059864583
0.948529089055
0.949981123175
0.95141592422
0.952833427428
0.954233550159
0.955616191893
0.956981234238
0.958328540525
0.959657953408
0.960969293979
0.962262361764
0.963536934727
0.964792766628
0.966029571756
0.967247019458
0.968444734124
0.969622295191
0.970779250989
0.971915196368
0.973029799742
0.974122803114
0.975194022077
0.976243332523
0.977270598366
0.978275647115
0.979258269844
0.980218221204
0.981155230317
0.982069058263
0.982959516936
0.983826469063
0.984669828198
0.985489560865
0.986285697492
0.987058335894
0.987807641274
0.988533846225
0.98923723307
0.989918046377
0.990576465913
0.991212606634
0.991826518689
0.992418193443
0.992987592444
0.993534656106
0.994059303714
0.994561433425
0.995040929559
0.995497696603
0.995931669104
0.996342811668
0.996731118963
0.997096618021
0.997439378647
0.997759516357
0.998057192379
0.998332613653
0.998586013605
0.998817567885
0.999027371281
0.999215437719
0.999381700266
0.999526083008
0.999648806659
0.999750469768
0.999832048714
0.99989489771
0.999940739945
0.999971631069
0.999989949781
0.999998397827
1.0
