0.0
1.31757389853e-06
6.34864481847e-06
1.69979418376e-05
3.46789999888e-05
6.03141604074e-05
9.43678054655e-05
0.000136972796673
0.000187960537268
0.000246860972218
0.000312902591504
0.000385109367029
0.000462651527987
0.000544924877832
0.000631550794283
0.000722376221913
0.000817405746466
0.000916567761372
0.00101966418842
0.00112637047774
0.00123623570164
0.00134906286058
0.0014661546496
0.0015905681425
0.00172711479188
0.00188236052031
0.00206482385105
0.00228559364443
0.00255844914933
0.00289986000309
0.0033289852895
0.00386643476404
0.00453059160423
0.00533693323629
0.00629803133518
0.00742355213136
0.00872052175558
0.0101940764133
0.0118475940244
0.0136826942229
0.0156992386811
0.0178955269464
0.0202688239309
0.0228154478261
0.0255307701025
0.0284092163246
0.0314446270052
0.0346311839475
0.0379635568221
0.0414369031663
0.0450468679138
0.0487894251953
0.0526604911547
0.0566558658107
0.0607712330563
0.0650021612976
0.0693442711389
0.0737936267905
0.0783467918165
0.0830008291339
0.0877533016786
0.0926024123425
0.0975473156071
0.102588159619
0.107726086189
0.112963226353
0.11830193849
0.123743189044
0.129286345398
0.134929175875
0.140667854092
0.146497579294
0.152413835046
0.158412541663
0.164490056213
0.170643173381
0.176869229657
0.183166305217
0.189533247047
0.195969668949
0.20247595
0.209053077396
0.215702355546
0.222425374562
0.229224010264
0.236100410265
0.24305576707
0.250088148058
0.257192273498
0.264359516545
0.271577928124
0.278834146003
0.286116622084
0.293415933914
0.300724784683
0.308037997141
0.315352103527
0.32266468285
0.32997430059
0.337280508695
0.344583837429
0.35188530992
0.359185691946
0.366485427664
0.373784639607
0.381083131289
0.388380524922
0.395676464973
0.402970634573
0.410262755508
0.417552587121
0.424839873976
0.432124271863
0.4394053422
0.446682552029
0.453955273171
0.46122274602
0.46848403056
0.475738002895
0.482983355242
0.490218595596
0.497442034575
0.504651768401
0.511845677766
0.519021427833
0.526176470868
0.533308138413
0.540413755475
0.547490647626
0.554536140998
0.561547559832
0.568522148023
0.575456976102
0.582348935836
0.589194740233
0.595990933228
0.602734172983
0.609421553406
0.616050621532
0.622619377521
0.629126268022
0.635570008033
0.641949387374
0.648263260956
0.654510548786
0.660690236066
0.666801375775
0.672843091341
0.678814576773
0.684715096656
0.690543988359
0.696300712325
0.701984902153
0.707596366755
0.713135090357
0.718601228714
0.723995029109
0.729316754106
0.734566678514
0.739745089386
0.744852286653
0.749888595555
0.754854377985
0.759750032905
0.764575996343
0.769332743181
0.774020819736
0.778640872208
0.783193647643
0.787679993929
0.79210085923
0.796457282317
0.800750384485
0.804981369309
0.809151522638
0.81326219985
0.817314623499
0.821309721404
0.825248122109
0.829130154891
0.832955867908
0.836725297734
0.840438675749
0.844096433386
0.847699202129
0.85124780648
0.854743166079
0.858186223994
0.861577945074
0.864919315946
0.868211337396
0.871454924888
0.874650838833
0.877799683149
0.88090190526
0.883957807099
0.886967679968
0.889931894977
0.89285090471
0.895725243224
0.898555519407
0.901342340316
0.904086262024
0.906787788805
0.909447373143
0.912065415434
0.914642260802
0.917178197151
0.919673455137
0.922128208166
0.924542568519
0.926916547706
0.929250033216
0.931542788223
0.933794451587
0.936004544287
0.938172531598
0.94029785793
0.942379947213
0.94441820289
0.946412023847
0.948360949738
0.950264738793
0.952123368553
0.953937035869
0.95570615009
0.957431274224
0.959113094856
0.960752421906
0.962350188627
0.963907438748
0.965425221447
0.966904540066
0.968346351768
0.969751567534
0.971121052409
0.972455627395
0.97375607034
0.975023115939
0.976257455735
0.977459733665
0.97863051341
0.979770263878
0.980879359133
0.981958078398
0.983006607958
0.984025054398
0.985013450223
0.985971753872
0.986899849725
0.987797551403
0.988664623538
0.989500790584
0.990305736845
0.99107910647
0.991820514305
0.99252961375
0.993206122936
0.993849824783
0.994460567001
0.995038261061
0.995582876104
0.9960944367
0.996573022842
0.997018769951
0.997431862558
0.997812498687
0.998160877383
0.998477198698
0.998761663688
0.999014489609
0.999235991344
0.999426608568
0.999586905763
0.999717572223
0.999819539832
0.999894583014
0.999945509261
0.999976159219
0.999991406683
0.999996834568
0.999997165876
0.999997165876
0.999997165876
0.999997203211
0.999997911111
0.999998778186
0.999999466227
0.999999810229
0.999999818394
0.999999818394
0.999999818394
0.999999818394
0.999999818394
0.999999818394
0.999999867064
0.999999927921
0.999999976234
1.0
