1.48
1.4900203666
1.5000407332
1.5100610998
1.5200814664
1.53010183299
1.54012219959
1.55014256619
1.56016293279
1.57018329939
1.58020366599
1.59022403259
1.60024439919
1.61026476578
1.62028513238
1.63030549898
1.64032586558
1.65034623218
1.66036659878
1.67038696538
1.68040733198
1.69042769857
1.70044806517
1.71046843177
1.72048879837
1.73050916497
1.74052953157
1.75054989817
1.76057026477
1.77059063136
1.78061099796
1.79063136456
1.80065173116
1.81067209776
1.82069246436
1.83071283096
1.84073319756
1.85075356415
1.86077393075
1.87079429735
1.88081466395
1.89083503055
1.90085539715
1.91087576375
1.92089613035
1.93091649695
1.94093686354
1.95095723014
1.96097759674
1.97099796334
1.98101832994
1.99103869654
2.00105906314
2.01107942974
2.02109979633
2.03112016293
2.04114052953
2.05116089613
2.06118126273
2.07120162933
2.08122199593
2.09124236253
2.10126272912
2.11128309572
2.12130346232
2.13132382892
2.14134419552
2.15136456212
2.16138492872
2.17140529532
2.18142566191
2.19144602851
2.20146639511
2.21148676171
2.22150712831
2.23152749491
2.24154786151
2.25156822811
2.2615885947
2.2716089613
2.2816293279
2.2916496945
2.3016700611
2.3116904277
2.3217107943
2.3317311609
2.34175152749
2.35177189409
2.36179226069
2.37181262729
2.38183299389
2.39185336049
2.40187372709
2.41189409369
2.42191446029
2.43193482688
2.44195519348
2.45197556008
2.46199592668
2.47201629328
2.48203665988
2.49205702648
2.50207739308
2.51209775967
2.52211812627
2.53213849287
2.54215885947
2.55217922607
2.56219959267
2.57221995927
2.58224032587
2.59226069246
2.60228105906
2.61230142566
2.62232179226
2.63234215886
2.64236252546
2.65238289206
2.66240325866
2.67242362525
2.68244399185
2.69246435845
2.70248472505
2.71250509165
2.72252545825
2.73254582485
2.74256619145
2.75258655804
2.76260692464
2.77262729124
2.78264765784
2.79266802444
2.80268839104
2.81270875764
2.82272912424
2.83274949084
2.84276985743
2.85279022403
2.86281059063
2.87283095723
2.88285132383
2.89287169043
2.90289205703
2.91291242363
2.92293279022
2.93295315682
2.94297352342
2.95299389002
2.96301425662
2.97303462322
2.98305498982
2.99307535642
3.00309572301
3.01311608961
3.02313645621
3.03315682281
3.04317718941
3.05319755601
3.06321792261
3.07323828921
3.0832586558
3.0932790224
3.103299389
3.1133197556
3.1233401222
3.1333604888
3.1433808554
3.153401222
3.16342158859
3.17344195519
3.18346232179
3.19348268839
3.20350305499
3.21352342159
3.22354378819
3.23356415479
3.24358452138
3.25360488798
3.26362525458
3.27364562118
3.28366598778
3.29368635438
3.30370672098
3.31372708758
3.32374745418
3.33376782077
3.34378818737
3.35380855397
3.36382892057
3.37384928717
3.38386965377
3.39389002037
3.40391038697
3.41393075356
3.42395112016
3.43397148676
3.44399185336
3.45401221996
3.46403258656
3.47405295316
3.48407331976
3.49409368635
3.50411405295
3.51413441955
3.52415478615
3.53417515275
3.54419551935
3.55421588595
3.56423625255
3.57425661914
3.58427698574
3.59429735234
3.60431771894
3.61433808554
3.62435845214
3.63437881874
3.64439918534
3.65441955193
3.66443991853
3.67446028513
3.68448065173
3.69450101833
3.70452138493
3.71454175153
3.72456211813
3.73458248473
3.74460285132
3.75462321792
3.76464358452
3.77466395112
3.78468431772
3.79470468432
3.80472505092
3.81474541752
3.82476578411
3.83478615071
3.84480651731
3.85482688391
3.86484725051
3.87486761711
3.88488798371
3.89490835031
3.9049287169
3.9149490835
3.9249694501
3.9349898167
3.9450101833
3.9550305499
3.9650509165
3.9750712831
3.98509164969
3.99511201629
4.00513238289
4.01515274949
4.02517311609
4.03519348269
4.04521384929
4.05523421589
4.06525458248
4.07527494908
4.08529531568
4.09531568228
4.10533604888
4.11535641548
4.12537678208
4.13539714868
4.14541751527
4.15543788187
4.16545824847
4.17547861507
4.18549898167
4.19551934827
4.20553971487
4.21556008147
4.22558044807
4.23560081466
4.24562118126
4.25564154786
4.26566191446
4.27568228106
4.28570264766
4.29572301426
4.30574338086
4.31576374745
4.32578411405
4.33580448065
4.34582484725
4.35584521385
4.36586558045
4.37588594705
4.38590631365
4.39592668024
4.40594704684
4.41596741344
4.42598778004
4.43600814664
4.44602851324
4.45604887984
4.46606924644
4.47608961303
4.48610997963
4.49613034623
4.50615071283
4.51617107943
4.52619144603
4.53621181263
4.54623217923
4.55625254582
4.56627291242
4.57629327902
4.58631364562
4.59633401222
4.60635437882
4.61637474542
4.62639511202
4.63641547862
4.64643584521
4.65645621181
4.66647657841
4.67649694501
4.68651731161
4.69653767821
4.70655804481
4.71657841141
4.726598778
4.7366191446
4.7466395112
4.7566598778
4.7666802444
4.776700611
4.7867209776
4.7967413442
4.80676171079
4.81678207739
4.82680244399
4.83682281059
4.84684317719
4.85686354379
4.86688391039
4.87690427699
4.88692464358
4.89694501018
4.90696537678
4.91698574338
4.92700610998
4.93702647658
4.94704684318
4.95706720978
4.96708757637
4.97710794297
4.98712830957
4.99714867617
5.00716904277
5.01718940937
5.02720977597
5.03723014257
5.04725050916
5.05727087576
5.06729124236
5.07731160896
5.08733197556
5.09735234216
5.10737270876
5.11739307536
5.12741344196
5.13743380855
5.14745417515
5.15747454175
5.16749490835
5.17751527495
5.18753564155
5.19755600815
5.20757637475
5.21759674134
5.22761710794
5.23763747454
5.24765784114
5.25767820774
5.26769857434
5.27771894094
5.28773930754
5.29775967413
5.30778004073
5.31780040733
5.32782077393
5.33784114053
5.34786150713
5.35788187373
5.36790224033
5.37792260692
5.38794297352
5.39796334012
5.40798370672
5.41800407332
5.42802443992
5.43804480652
5.44806517312
5.45808553971
5.46810590631
5.47812627291
5.48814663951
5.49816700611
5.50818737271
5.51820773931
5.52822810591
5.53824847251
5.5482688391
5.5582892057
5.5683095723
5.5783299389
5.5883503055
5.5983706721
5.6083910387
5.6184114053
5.62843177189
5.63845213849
5.64847250509
5.65849287169
5.66851323829
5.67853360489
5.68855397149
5.69857433809
5.70859470468
5.71861507128
5.72863543788
5.73865580448
5.74867617108
5.75869653768
5.76871690428
5.77873727088
5.78875763747
5.79877800407
5.80879837067
5.81881873727
5.82883910387
5.83885947047
5.84887983707
5.85890020367
5.86892057026
5.87894093686
5.88896130346
5.89898167006
5.90900203666
5.91902240326
5.92904276986
5.93906313646
5.94908350305
5.95910386965
5.96912423625
5.97914460285
5.98916496945
5.99918533605
6.00920570265
6.01922606925
6.02924643585
6.03926680244
6.04928716904
6.05930753564
6.06932790224
6.07934826884
6.08936863544
6.09938900204
6.10940936864
6.11942973523
6.12945010183
6.13947046843
6.14949083503
6.15951120163
6.16953156823
6.17955193483
6.18957230143
6.19959266802
6.20961303462
6.21963340122
6.22965376782
6.23967413442
6.24969450102
6.25971486762
6.26973523422
6.27975560081
6.28977596741
6.29979633401
6.30981670061
6.31983706721
6.32985743381
6.33987780041
6.34989816701
6.3599185336
6.3699389002
6.3799592668
6.3899796334
6.4
