0.0
1.08490713147e-07
2.9018006554e-07
6.07684922328e-07
1.10596808412e-06
1.83545088681e-06
2.85061644238e-06
4.20456522902e-06
5.94768873985e-06
8.12766948289e-06
1.0789480988e-05
1.3976814401e-05
1.77374973039e-05
2.21247801193e-05
2.71973361102e-05
3.30192619306e-05
3.96944424797e-05
4.74937561772e-05
5.68845013398e-05
6.85303961809e-05
8.32915799674e-05
0.000102255831939
0.000126851190011
0.000158871336671
0.000200475598982
0.000254188937906
0.000322750711359
0.000408582967086
0.000513673655974
0.000639576632056
0.000787411668661
0.000958000125778
0.00115232982429
0.00137165453626
0.00161749398491
0.00189163381907
0.00219598690535
0.00253213005925
0.00290120744339
0.00330393056745
0.0037405783128
0.00421108850071
0.00471535600355
0.00525329330925
0.00582483052126
0.0064299153331
0.00706844491632
0.00774004975255
0.00844405084831
0.00917945973492
0.00994497849482
0.0107390521348
0.0115600306342
0.0124062001903
0.013275783218
0.0141669384167
0.0150778622981
0.0160070954727
0.0169535801765
0.0179166602716
0.0188960811342
0.0198918544126
0.0209038602076
0.0219317742913
0.0229750681076
0.0240330088355
0.0251047208786
0.0261893622502
0.0272861560019
0.0283943902234
0.0295134180482
0.0306426617191
0.0317816239645
0.0329298899717
0.0340871273873
0.0352530863589
0.0364276270481
0.0376107947023
0.0388028323401
0.0400041807513
0.0412154785253
0.0424375778003
0.0436715861788
0.044918873625
0.0461810724644
0.0474600771358
0.0487579265018
0.0500764982872
0.0514174601311
0.0527822695874
0.0541721743074
0.0555882868904
0.0570317744785
0.0585038883227
0.0600059637825
0.061539420172
0.0631057060872
0.0647061642841
0.0663420111698
0.0680143368022
0.0697241048934
0.0714721539714
0.0732592001794
0.0750858376893
0.0769525387021
0.0788596532478
0.080807354482
0.082795509944
0.0848236630494
0.0868910330909
0.0889965157033
0.0911387958114
0.0933166070651
0.0955287681238
0.0977741826563
0.100051839274
0.10236079702
0.104700152835
0.107069037135
0.109466613805
0.111892079978
0.114344621937
0.116823318608
0.119327128795
0.121854891176
0.12440532492
0.12697713785
0.129569257529
0.132180860999
0.134811374779
0.137460474606
0.140128043825
0.142814086594
0.145518717027
0.148242159189
0.150984746356
0.153746813224
0.156528476384
0.159329607616
0.16214983389
0.164988538357
0.16784499115
0.170718609507
0.173608988537
0.176515901209
0.179439297711
0.182379226852
0.185335683427
0.188308590676
0.191297800284
0.194303092192
0.19732415309
0.200360535634
0.203411653893
0.20647678335
0.209555060345
0.212645425321
0.215746517667
0.218856664314
0.221973879741
0.225095869158
0.228220330984
0.231345504217
0.234470226069
0.23759393196
0.240716652828
0.243838777566
0.246960633093
0.250082441418
0.253204319651
0.256326280512
0.259448274896
0.262570265361
0.265692233421
0.268814179544
0.271936122979
0.275058088031
0.278180080931
0.2813020876
0.284424073653
0.287545984565
0.290667757453
0.293789340501
0.296910694781
0.300031794245
0.303152625759
0.306273191005
0.309393509545
0.312513619101
0.315633575553
0.318753452625
0.321873321977
0.324993221892
0.328113154517
0.331233085867
0.334352946228
0.337472653881
0.340592151601
0.343711409761
0.346830426332
0.349949226525
0.353067842955
0.356186285822
0.359304540454
0.362422567303
0.365540302297
0.368657675026
0.37177463545
0.374891156041
0.378007231779
0.381122879851
0.384238124737
0.387352976798
0.390467430622
0.393581465019
0.396695043084
0.399808114957
0.402920621689
0.406032495537
0.409143659964
0.412254029729
0.415363515047
0.418472027291
0.421579479404
0.424685785899
0.427790862389
0.430894605884
0.433996868372
0.437097454968
0.440196123913
0.443292586942
0.446386523818
0.449477601387
0.45256547487
0.455649787861
0.458730172945
0.461806274948
0.464877780739
0.467944421172
0.471005971095
0.474062248635
0.477113089703
0.480158316058
0.483197733287
0.486231130803
0.489258282309
0.492278961635
0.495292962125
0.498300097825
0.501300203483
0.504293134042
0.507278748129
0.510256888294
0.513227379843
0.516190030833
0.519144633007
0.522090990666
0.525028954463
0.527958423332
0.530879344484
0.533791712268
0.536695534263
0.539590792468
0.542477441178
0.545355406983
0.548224588631
0.551084853177
0.553936031675
0.556777918946
0.559610273581
0.562432818133
0.565245244284
0.568047218509
0.57083838236
0.573618352468
0.576386722526
0.579143114864
0.581887235644
0.584618877553
0.587337919805
0.590044326983
0.592738119991
0.595419345687
0.598088075447
0.600744405166
0.603388455032
0.606020364037
0.608640284369
0.611248381157
0.613844832471
0.616429827464
0.619003523617
0.621566003985
0.624117275336
0.626657268155
0.629185839308
0.631702830933
0.634208128029
0.63670166086
0.639183404952
0.64165337991
0.644111624314
0.646558171711
0.648993049654
0.651416279703
0.653827878251
0.656227873403
0.658616320759
0.660993304012
0.663358934957
0.665713353832
0.66805673616
0.670389298999
0.672711301171
0.675023043262
0.677324866572
0.679617133208
0.681900208296
0.684174459355
0.6864402563
0.688697969932
0.6909479445
0.693190473721
0.695425799973
0.697654114297
0.699875558058
0.702090252223
0.704298322367
0.706499899472
0.708695119933
0.71088412327
0.713067013322
0.715243825844
0.717414527513
0.719579015928
0.721737124181
0.723888695771
0.726033645762
0.728171962573
0.730303707977
0.732429013743
0.734548028464
0.736660875124
0.738767649913
0.740868422228
0.742963236797
0.745052146157
0.747135235988
0.749212625793
0.751284468888
0.753350950818
0.755412265822
0.757468598883
0.759520125282
0.76156701059
0.763609409349
0.765647446159
0.767681201574
0.76971071177
0.77173596854
0.773756922621
0.7757735296
0.777785783375
0.779793716911
0.781797402245
0.783796948314
0.785792472006
0.787784077527
0.789771855965
0.791755885284
0.793736231473
0.795712963393
0.797686163115
0.799655926127
0.801622361337
0.803585588641
0.805545708491
0.807502781182
0.809456826459
0.811407823509
0.813355712898
0.815300419975
0.81724187044
0.819179990627
0.821114707503
0.823045948085
0.824973632565
0.826897669841
0.828817957447
0.830734381546
0.832646817277
0.834555132696
0.836459191265
0.838358851903
0.840253968979
0.842144391508
0.844029954276
0.845910472323
0.847785740864
0.849655535284
0.851519611412
0.853377708391
0.855229550419
0.857074846778
0.858913291827
0.860744564763
0.86256832705
0.8643842209
0.866191869251
0.867990875772
0.869780831408
0.871561380413
0.87333225858
0.875093293712
0.876844405618
0.878585597296
0.880316868667
0.882038167766
0.883749390196
0.885450379124
0.887140926672
0.88882078715
0.890489684364
0.892147311694
0.893793332091
0.895427385021
0.89704915044
0.898658383339
0.900254914071
0.90183864836
0.903409557187
0.904967586216
0.90651260805
0.908044421797
0.90956275307
0.91106726064
0.912557594292
0.914033424626
0.9154944433
0.91694036303
0.918370922464
0.9197859274
0.921185271516
0.922568936524
0.923936992171
0.925289583826
0.926626830432
0.927948774408
0.929255381294
0.930546539758
0.931822069282
0.933081781616
0.934325510242
0.935553110553
0.936764459862
0.937959458735
0.939138041433
0.940300180786
0.941445888229
0.942575213795
0.943688244676
0.944785094304
0.945865897368
0.946930809784
0.947980008697
0.949013691079
0.950032063413
0.951035337092
0.952023728399
0.952997458508
0.953956752935
0.954901837628
0.955832937262
0.956750275236
0.95765407367
0.958544552186
0.959421919429
0.960286369468
0.961138081773
0.961977221226
0.962803937663
0.96361836282
0.96442060907
0.965210769415
0.965988917488
0.966755109749
0.96750939996
0.968251845038
0.968982505078
0.969701443345
0.970408729114
0.971104455835
0.97178874831
0.972461762704
0.973123686553
0.973774736509
0.974415144287
0.975045151255
0.975665008424
0.976274976445
0.976875325024
0.977466329356
0.978048268788
0.978621426817
0.979186091085
0.979742545153
0.980291019778
0.980831675062
0.981364600425
0.9818898146
0.982407273319
0.982916913554
0.983418669332
0.983912471763
0.984398249031
0.984875931742
0.985345482899
0.985806908361
0.986260256844
0.986705619932
0.987143126252
0.987572909697
0.987995098622
0.988409815829
0.988817178575
0.989217291201
0.989610205941
0.989995909919
0.990374325147
0.990745308521
0.991108665041
0.991464216367
0.991811822971
0.992151384153
0.992482838038
0.992806155037
0.993121304807
0.993428245838
0.993726925453
0.994017279805
0.994299251444
0.994572875796
0.99483830772
0.995095821517
0.995345810931
0.995588758647
0.995825090019
0.996055129277
0.996279099517
0.996497122701
0.996709226119
0.996915372568
0.997115469168
0.997309367356
0.997496862889
0.997677710161
0.997851687371
0.998018615065
0.998178356137
0.998330815825
0.998475944236
0.998613747526
0.998744290998
0.998867699102
0.998984155439
0.999093889168
0.999197116277
0.999294023716
0.999384769391
0.999469482172
0.999548264171
0.999621200368
0.999688361142
0.999749802275
0.999805564946
0.99985567739
0.999900161677
0.999939035459
0.999972311964
1.0
