0.0
0.010033557047
0.020067114094
0.0301006711409
0.0401342281879
0.0501677852349
0.0602013422819
0.0702348993289
0.0802684563758
0.0903020134228
0.10033557047
0.110369127517
0.120402684564
0.130436241611
0.140469798658
0.150503355705
0.160536912752
0.170570469799
0.180604026846
0.190637583893
0.20067114094
0.210704697987
0.220738255034
0.230771812081
0.240805369128
0.250838926174
0.260872483221
0.270906040268
0.280939597315
0.290973154362
0.301006711409
0.311040268456
0.321073825503
0.33110738255
0.341140939597
0.351174496644
0.361208053691
0.371241610738
0.381275167785
0.391308724832
0.401342281879
0.411375838926
0.421409395973
0.43144295302
0.441476510067
0.451510067114
0.461543624161
0.471577181208
0.481610738255
0.491644295302
0.501677852349
0.511711409396
0.521744966443
0.53177852349
0.541812080537
0.551845637584
0.561879194631
0.571912751678
0.581946308725
0.591979865772
0.602013422819
0.612046979866
0.622080536913
0.63211409396
0.642147651007
0.652181208054
0.662214765101
0.672248322148
0.682281879195
0.692315436242
0.702348993289
0.712382550336
0.722416107383
0.73244966443
0.742483221477
0.752516778523
0.76255033557
0.772583892617
0.782617449664
0.792651006711
0.802684563758
0.812718120805
0.822751677852
0.832785234899
0.842818791946
0.852852348993
0.86288590604
0.872919463087
0.882953020134
0.892986577181
0.903020134228
0.913053691275
0.923087248322
0.933120805369
0.943154362416
0.953187919463
0.96322147651
0.973255033557
0.983288590604
0.993322147651
1.0033557047
1.01338926174
1.02342281879
1.03345637584
1.04348993289
1.05352348993
1.06355704698
1.07359060403
1.08362416107
1.09365771812
1.10369127517
1.11372483221
1.12375838926
1.13379194631
1.14382550336
1.1538590604
1.16389261745
1.1739261745
1.18395973154
1.19399328859
1.20402684564
1.21406040268
1.22409395973
1.23412751678
1.24416107383
1.25419463087
1.26422818792
1.27426174497
1.28429530201
1.29432885906
1.30436241611
1.31439597315
1.3244295302
1.33446308725
1.3444966443
1.35453020134
1.36456375839
1.37459731544
1.38463087248
1.39466442953
1.40469798658
1.41473154362
1.42476510067
1.43479865772
1.44483221477
1.45486577181
1.46489932886
1.47493288591
1.48496644295
1.495
1.50503355705
1.51506711409
1.52510067114
1.53513422819
1.54516778523
1.55520134228
1.56523489933
1.57526845638
1.58530201342
1.59533557047
1.60536912752
1.61540268456
1.62543624161
1.63546979866
1.6455033557
1.65553691275
1.6655704698
1.67560402685
1.68563758389
1.69567114094
1.70570469799
1.71573825503
1.72577181208
1.73580536913
1.74583892617
1.75587248322
1.76590604027
1.77593959732
1.78597315436
1.79600671141
1.80604026846
1.8160738255
1.82610738255
1.8361409396
1.84617449664
1.85620805369
1.86624161074
1.87627516779
1.88630872483
1.89634228188
1.90637583893
1.91640939597
1.92644295302
1.93647651007
1.94651006711
1.95654362416
1.96657718121
1.97661073826
1.9866442953
1.99667785235
2.0067114094
2.01674496644
2.02677852349
2.03681208054
2.04684563758
2.05687919463
2.06691275168
2.07694630872
2.08697986577
2.09701342282
2.10704697987
2.11708053691
2.12711409396
2.13714765101
2.14718120805
2.1572147651
2.16724832215
2.17728187919
2.18731543624
2.19734899329
2.20738255034
2.21741610738
2.22744966443
2.23748322148
2.24751677852
2.25755033557
2.26758389262
2.27761744966
2.28765100671
2.29768456376
2.30771812081
2.31775167785
2.3277852349
2.33781879195
2.34785234899
2.35788590604
2.36791946309
2.37795302013
2.38798657718
2.39802013423
2.40805369128
2.41808724832
2.42812080537
2.43815436242
2.44818791946
2.45822147651
2.46825503356
2.4782885906
2.48832214765
2.4983557047
2.50838926174
2.51842281879
2.52845637584
2.53848993289
2.54852348993
2.55855704698
2.56859060403
2.57862416107
2.58865771812
2.59869127517
2.60872483221
2.61875838926
2.62879194631
2.63882550336
2.6488590604
2.65889261745
2.6689261745
2.67895973154
2.68899328859
2.69902684564
2.70906040268
2.71909395973
2.72912751678
2.73916107383
2.74919463087
2.75922818792
2.76926174497
2.77929530201
2.78932885906
2.79936241611
2.80939597315
2.8194295302
2.82946308725
2.8394966443
2.84953020134
2.85956375839
2.86959731544
2.87963087248
2.88966442953
2.89969798658
2.90973154362
2.91976510067
2.92979865772
2.93983221477
2.94986577181
2.95989932886
2.96993288591
2.97996644295
2.99
