0.00399201596806
0.00798363637699
0.0119740703217
0.0159625275367
0.0199482188219
0.0239303564678
0.0279081546804
0.0318808300034
0.0358476017411
0.0398076923778
0.0437603279962
0.0477047386935
0.0516401589948
0.055565828264
0.0594809911122
0.0633848978018
0.0672768046483
0.0711559744179
0.0750216767214
0.0788731884034
0.0827097939283
0.0865307857603
0.0903354647394
0.0941231404522
0.0978931315976
0.101644766346
0.105377382694
0.109090328813
0.112782963391
0.116454655968
0.120104787265
0.123732749507
0.127337946738
0.130919795132
0.134477723289
0.138011172532
0.141519597191
0.145002464886
0.148459256787
0.151889467886
0.155292607246
0.158668198243
0.162015778809
0.165334901653
0.168625134487
0.171886060226
0.175117277198
0.178318399329
0.181489056329
0.18462889386
0.187737573701
0.190814773905
0.193860188933
0.196873529798
0.199854524181
0.202802916546
0.205718468249
0.208600957623
0.211450180068
0.21426594812
0.217048091515
0.219796457243
0.222510909589
0.225191330165
0.227837617931
0.230449689206
0.233027477673
0.235570934363
0.238080027642
0.240554743175
0.24299508389
0.245401069926
0.247772738574
0.250110144202
0.252413358179
0.25468246878
0.25691758109
0.259118816888
0.26128631453
0.263420228817
0.265520730855
0.267588007907
0.269622263233
0.271623715921
0.273592600712
0.275529167809
0.277433682686
0.279306425882
0.281147692786
0.282957793416
0.284737052192
0.286485807693
0.288204412412
0.289893232505
0.291552647521
0.293183050139
0.294784845889
0.296358452863
0.29790430143
0.299422833932
0.30091450438
0.302379778143
0.303819131632
0.305233051969
0.306622036663
0.307986593272
0.309327239061
0.310644500658
0.311938913699
0.313211022473
0.314461379562
0.315690545477
0.316899088283
0.318087583232
0.319256612384
0.320406764225
0.321538633286
0.322652819757
0.323749929094
0.324830571634
0.325895362198
0.326944919693
0.327979866721
0.329000829176
0.330008435848
0.331003318019
0.331986109064
0.332957444049
0.33391795933
0.334868292153
0.335809080248
0.336740961434
0.337664573216
0.33858055239
0.339489534642
0.340392154156
0.341289043219
0.342180831828
0.343068147307
0.343951613913
0.34483185246
0.345709479931
0.34658510911
0.347459348199
0.348332800458
0.349206063833
0.350079730597
0.350954386994
0.351830612884
0.352708981403
0.353590058613
0.354474403171
0.355362565996
0.356255089947
0.357152509499
0.358055350435
0.358964129536
0.359879354286
0.360801522572
0.361731122405
0.362668631638
0.363614517694
0.364569237302
0.365533236242
0.366506949094
0.367490799
0.36848519743
0.369490543956
0.37050722604
0.371535618821
0.372576084921
0.373628974254
0.37469462384
0.37577335764
0.376865486387
0.377971307435
0.379091104612
0.380225148086
0.381373694239
0.382536985549
0.383715250485
0.384908703408
0.386117544485
0.387341959607
0.388582120328
0.389838183797
0.39111029272
0.392398575313
0.393703145275
0.395024101774
0.39636152943
0.397715498322
0.399086063997
0.400473267488
0.401877135347
0.403297679687
0.404734898226
0.406188774352
0.40765927719
0.409146361681
0.410649968673
0.412170025014
0.413706443665
0.415259123814
0.416827951002
0.418412797258
0.420013521247
0.421629968418
0.423261971169
0.42490934902
0.426571908788
0.42824944478
0.429941738986
0.431648561285
0.433369669659
0.435104810412
0.436853718401
0.43861611727
0.440391719696
0.442180227639
0.443981332601
0.44579471589
0.447620048895
0.449456993363
0.451305201683
0.453164317181
0.455033974415
0.456913799479
0.458803410311
0.460702417011
0.462610422158
0.464527021134
0.466451802456
0.46838434811
0.470324233886
0.472271029725
0.474224300064
0.476183604186
0.478148496572
0.480118527262
0.48209324221
0.484072183652
0.486054890464
0.488040898536
0.490029741137
0.492020949288
0.494014052134
0.496008577317
0.498004051352
0.5
0.501995948648
0.503991422683
0.505985947866
0.507979050712
0.509970258863
0.511959101464
0.513945109536
0.515927816348
0.51790675779
0.519881472738
0.521851503428
0.523816395814
0.525775699936
0.527728970275
0.529675766114
0.53161565189
0.533548197544
0.535472978866
0.537389577842
0.539297582989
0.541196589689
0.543086200521
0.544966025585
0.546835682819
0.548694798317
0.550543006637
0.552379951105
0.55420528411
0.556018667399
0.557819772361
0.559608280304
0.56138388273
0.563146281599
0.564895189588
0.566630330341
0.568351438715
0.570058261014
0.57175055522
0.573428091212
0.57509065098
0.576738028831
0.578370031582
0.579986478753
0.581587202742
0.583172048998
0.584740876186
0.586293556335
0.587829974986
0.589350031327
0.590853638319
0.59234072281
0.593811225648
0.595265101774
0.596702320313
0.598122864653
0.599526732512
0.600913936003
0.602284501678
0.60363847057
0.604975898226
0.606296854725
0.607601424687
0.60888970728
0.610161816203
0.611417879672
0.612658040393
0.613882455515
0.615091296592
0.616284749515
0.617463014451
0.618626305761
0.619774851914
0.620908895388
0.622028692565
0.623134513613
0.62422664236
0.62530537616
0.626371025746
0.627423915079
0.628464381179
0.62949277396
0.630509456044
0.63151480257
0.632509201
0.633493050906
0.634466763758
0.635430762698
0.636385482306
0.637331368362
0.638268877595
0.639198477428
0.640120645714
0.641035870464
0.641944649565
0.642847490501
0.643744910053
0.644637434004
0.645525596829
0.646409941387
0.647291018597
0.648169387116
0.649045613006
0.649920269403
0.650793936167
0.651667199542
0.652540651801
0.65341489089
0.654290520069
0.65516814754
0.656048386087
0.656931852693
0.657819168172
0.658710956781
0.659607845844
0.660510465358
0.66141944761
0.662335426784
0.663259038566
0.664190919752
0.665131707847
0.66608204067
0.667042555951
0.668013890936
0.668996681981
0.669991564152
0.670999170824
0.672020133279
0.673055080307
0.674104637802
0.675169428366
0.676250070906
0.677347180243
0.678461366714
0.679593235775
0.680743387616
0.681912416768
0.683100911717
0.684309454523
0.685538620438
0.686788977527
0.688061086301
0.689355499342
0.690672760939
0.692013406728
0.693377963337
0.694766948031
0.696180868368
0.697620221857
0.69908549562
0.700577166068
0.70209569857
0.703641547137
0.705215154111
0.706816949861
0.708447352479
0.710106767495
0.711795587588
0.713514192307
0.715262947808
0.717042206584
0.718852307214
0.720693574118
0.722566317314
0.724470832191
0.726407399288
0.728376284079
0.730377736767
0.732411992093
0.734479269145
0.736579771183
0.73871368547
0.740881183112
0.74308241891
0.74531753122
0.747586641821
0.749889855798
0.752227261426
0.754598930074
0.75700491611
0.759445256825
0.761919972358
0.764429065637
0.766972522327
0.769550310794
0.772162382069
0.774808669835
0.777489090411
0.780203542757
0.782951908485
0.78573405188
0.788549819932
0.791399042377
0.794281531751
0.797197083454
0.800145475819
0.803126470202
0.806139811067
0.809185226095
0.812262426299
0.81537110614
0.818510943671
0.821681600671
0.824882722802
0.828113939774
0.831374865513
0.834665098347
0.837984221191
0.841331801757
0.844707392754
0.848110532114
0.851540743213
0.854997535114
0.858480402809
0.861988827468
0.865522276711
0.869080204868
0.872662053262
0.876267250493
0.879895212735
0.883545344032
0.887217036609
0.890909671187
0.894622617306
0.898355233654
0.902106868402
0.905876859548
0.909664535261
0.91346921424
0.917290206072
0.921126811597
0.924978323279
0.928844025582
0.932723195352
0.936615102198
0.940519008888
0.944434171736
0.948359841005
0.952295261306
0.956239672004
0.960192307622
0.964152398259
0.968119169997
0.97209184532
0.976069643532
0.980051781178
0.984037472463
0.988025929678
0.992016363623
0.996007984032
1.0
