0.0
0.0062957768609
0.0125915537218
0.0188873305827
0.0251831074436
0.0314788843045
0.0377746611654
0.0440704380263
0.0503662148872
0.0566619917481
0.062957768609
0.0692535454699
0.0755493223308
0.0818450991917
0.0881408760526
0.0944366529135
0.100732429774
0.107028206635
0.113323983496
0.119619760357
0.125915537218
0.132211314079
0.13850709094
0.144802867801
0.151098644662
0.157394421523
0.163690198383
0.169985975244
0.176281752105
0.182577528966
0.188873305827
0.195169082688
0.201464859549
0.20776063641
0.214056413271
0.220352190132
0.226647966992
0.232943743853
0.239239520714
0.245535297575
0.251831074436
0.258126851297
0.264422628158
0.270718405019
0.27701418188
0.283309958741
0.289605735601
0.295901512462
0.302197289323
0.308493066184
0.314788843045
0.321084619906
0.327380396767
0.333676173628
0.339971950489
0.34626772735
0.35256350421
0.358859281071
0.365155057932
0.371450834793
0.377746611654
0.384042388515
0.390338165376
0.396633942237
0.402929719098
0.409225495959
0.415521272819
0.42181704968
0.428112826541
0.434408603402
0.440704380263
0.447000157124
0.453295933985
0.459591710846
0.465887487707
0.472183264568
0.478479041429
0.484774818289
0.49107059515
0.497366372011
0.503662148872
0.509957925733
0.516253702594
0.522549479455
0.528845256316
0.535141033177
0.541436810038
0.547732586898
0.554028363759
0.56032414062
0.566619917481
0.572915694342
0.579211471203
0.585507248064
0.591803024925
0.598098801786
0.604394578647
0.610690355507
0.616986132368
0.623281909229
0.62957768609
0.635873462951
0.642169239812
0.648465016673
0.654760793534
0.661056570395
0.667352347256
0.673648124116
0.679943900977
0.686239677838
0.692535454699
0.69883123156
0.705127008421
0.711422785282
0.717718562143
0.724014339004
0.730310115865
0.736605892725
0.742901669586
0.749197446447
0.755493223308
0.761789000169
0.76808477703
0.774380553891
0.780676330752
0.786972107613
0.793267884474
0.799563661334
0.805859438195
0.812155215056
0.818450991917
0.824746768778
0.831042545639
0.8373383225
0.843634099361
0.849929876222
0.856225653083
0.862521429943
0.868817206804
0.875112983665
0.881408760526
0.887704537387
0.894000314248
0.900296091109
0.90659186797
0.912887644831
0.919183421692
0.925479198553
0.931774975413
0.938070752274
0.944366529135
0.950662305996
0.956958082857
0.963253859718
0.969549636579
0.97584541344
0.982141190301
0.988436967162
0.994732744022
1.00102852088
1.00732429774
1.01362007461
1.01991585147
1.02621162833
1.03250740519
1.03880318205
1.04509895891
1.05139473577
1.05769051263
1.06398628949
1.07028206635
1.07657784321
1.08287362008
1.08916939694
1.0954651738
1.10176095066
1.10805672752
1.11435250438
1.12064828124
1.1269440581
1.13323983496
1.13953561182
1.14583138868
1.15212716554
1.15842294241
1.16471871927
1.17101449613
1.17731027299
1.18360604985
1.18990182671
1.19619760357
1.20249338043
1.20878915729
1.21508493415
1.22138071101
1.22767648788
1.23397226474
1.2402680416
1.24656381846
1.25285959532
1.25915537218
1.26545114904
1.2717469259
1.27804270276
1.28433847962
1.29063425648
1.29693003335
1.30322581021
1.30952158707
1.31581736393
1.32211314079
1.32840891765
1.33470469451
1.34100047137
1.34729624823
1.35359202509
1.35988780195
1.36618357882
1.37247935568
1.37877513254
1.3850709094
1.39136668626
1.39766246312
1.40395823998
1.41025401684
1.4165497937
1.42284557056
1.42914134742
1.43543712429
1.44173290115
1.44802867801
1.45432445487
1.46062023173
1.46691600859
1.47321178545
1.47950756231
1.48580333917
1.49209911603
1.49839489289
1.50469066976
1.51098644662
1.51728222348
1.52357800034
1.5298737772
1.53616955406
1.54246533092
1.54876110778
1.55505688464
1.5613526615
1.56764843836
1.57394421523
1.58023999209
1.58653576895
1.59283154581
1.59912732267
1.60542309953
1.61171887639
1.61801465325
1.62431043011
1.63060620697
1.63690198383
1.6431977607
1.64949353756
1.65578931442
1.66208509128
1.66838086814
1.674676645
1.68097242186
1.68726819872
1.69356397558
1.69985975244
1.7061555293
1.71245130617
1.71874708303
1.72504285989
1.73133863675
1.73763441361
1.74393019047
1.75022596733
1.75652174419
1.76281752105
1.76911329791
1.77540907477
1.78170485164
1.7880006285
1.79429640536
1.80059218222
1.80688795908
1.81318373594
1.8194795128
1.82577528966
1.83207106652
1.83836684338
1.84466262024
1.85095839711
1.85725417397
1.86354995083
1.86984572769
1.87614150455
1.88243728141
1.88873305827
1.89502883513
1.90132461199
1.90762038885
1.91391616571
1.92021194257
1.92650771944
1.9328034963
1.93909927316
1.94539505002
1.95169082688
1.95798660374
1.9642823806
1.97057815746
1.97687393432
1.98316971118
1.98946548804
1.99576126491
2.00205704177
2.00835281863
2.01464859549
2.02094437235
2.02724014921
2.03353592607
2.03983170293
2.04612747979
2.05242325665
2.05871903351
2.06501481038
2.07131058724
2.0776063641
2.08390214096
2.09019791782
2.09649369468
2.10278947154
2.1090852484
2.11538102526
2.12167680212
2.12797257898
2.13426835585
2.14056413271
2.14685990957
2.15315568643
2.15945146329
2.16574724015
2.17204301701
2.17833879387
2.18463457073
2.19093034759
2.19722612445
2.20352190132
2.20981767818
2.21611345504
2.2224092319
2.22870500876
2.23500078562
2.24129656248
2.24759233934
2.2538881162
2.26018389306
2.26647966992
2.27277544679
2.27907122365
2.28536700051
2.29166277737
2.29795855423
2.30425433109
2.31055010795
2.31684588481
2.32314166167
2.32943743853
2.33573321539
2.34202899226
2.34832476912
2.35462054598
2.36091632284
2.3672120997
2.37350787656
2.37980365342
2.38609943028
2.39239520714
2.398690984
2.40498676086
2.41128253773
2.41757831459
2.42387409145
2.43016986831
2.43646564517
2.44276142203
2.44905719889
2.45535297575
2.46164875261
2.46794452947
2.47424030633
2.4805360832
2.48683186006
2.49312763692
2.49942341378
2.50571919064
2.5120149675
2.51831074436
2.52460652122
2.53090229808
2.53719807494
2.5434938518
2.54978962867
2.55608540553
2.56238118239
2.56867695925
2.57497273611
2.58126851297
2.58756428983
2.59386006669
2.60015584355
2.60645162041
2.61274739727
2.61904317413
2.625338951
2.63163472786
2.63793050472
2.64422628158
2.65052205844
2.6568178353
2.66311361216
2.66940938902
2.67570516588
2.68200094274
2.6882967196
2.69459249647
2.70088827333
2.70718405019
2.71347982705
2.71977560391
2.72607138077
2.73236715763
2.73866293449
2.74495871135
2.75125448821
2.75755026507
2.76384604194
2.7701418188
2.77643759566
2.78273337252
2.78902914938
2.79532492624
2.8016207031
2.80791647996
2.81421225682
2.82050803368
2.82680381054
2.83309958741
2.83939536427
2.84569114113
2.85198691799
2.85828269485
2.86457847171
2.87087424857
2.87717002543
2.88346580229
2.88976157915
2.89605735601
2.90235313288
2.90864890974
2.9149446866
2.92124046346
2.92753624032
2.93383201718
2.94012779404
2.9464235709
2.95271934776
2.95901512462
2.96531090148
2.97160667835
2.97790245521
2.98419823207
2.99049400893
2.99678978579
3.00308556265
3.00938133951
3.01567711637
3.02197289323
3.02826867009
3.03456444695
3.04086022382
3.04715600068
3.05345177754
3.0597475544
3.06604333126
3.07233910812
3.07863488498
3.08493066184
3.0912264387
3.09752221556
3.10381799242
3.11011376929
3.11640954615
3.12270532301
3.12900109987
3.13529687673
3.14159265359
